20418437
94704581
45898144
49094059
77416885
91322469
40218964
93641667
29822916
00625909
16336774
62881795
27998504
09612956
25592297
77114095
23554325
55380051
47971513
41100793
78235025
77623653
32836164
98020988
55080299
33724884
45712825
12352412
69495124
21932544
15517827
11354336
50987813
94788682
25466706
93782319
27837563
90797110
28171672
79772947
50502568
20923304
24456507
83584837
96560910
67540182
55610524
63399907
09585119
47581082
94524546
15955152
87405947
23972059
83455363
90689431
44003357
90460201
13821468
15984266
88647488
73295883
50300509
94715627
10121705
42431293
40153885
72759016
53227687
08714470
38513162
69585492
19241821
76749745
96911380
41375198
95045544
73025806
88194555
41477684
79880612
54535854
99388274
13631530
57021960
38622804
48346403
88349653
29404192
55710000
83205974
23696236
62252014
27191189
27572059
75763805
69650288
88791439
23653421
94027461
56540376
12714451
67495422
17793356
19955750
36967141
23529809
02609476
46241879
38709263
45861583
53550634
92926291
43921087
73255597
24589770
49488863
95649191
33487688
45661969
68545768
89577011
33464758
66281674
97460291
71136020
60296163
82335487
43061722
84043289
86416577
26233218
63249238
22968699
70241921
78115989
07081513
58747265
54692694
27819641
30203569
69221220
97119317
68497434
71939849
28724460
15028161
26536220
46572818
26818393
10922765
24856176
67685073
04670722
78359054
36354143
35813157
76993864
39388752
34469122
37303980
81088899
31318838
23923274
63781900
43212693
32065185
04981627
86131989
67562011
30365574
83223275
42802632
23531009
85135826
76080282
51492817
48833420
73038829
10121148
53381774
97675964
97127637
36233929
56005251
43579746
93298672
45689546
24177505
14478043
43372488
78323741
28048429
70591888
14741057
53051007
40308116
29045543
90191776
04641475
46469697
94821936
35772083
20331162
61309613
89865456
39888919
81679132
12603235
73656945
16643087
82435369
43105049
79055488
18414098
03251595
24423769
95921486
37210916
10321414
16907244
28215976
20646155
75018115
03936513
09080679
19302800
58840754
99270866
69726629
64487689
95490280
51102971
86227421
73240088
39192022
08016886
18199534
17508700
86462503
17219834
65024920
24493618
86206194
40646029
47620269
36418889
97997022
78392234
34851384
21210141
00373860
23949777
65267236
58354565
92330175
26983320
77064899
40276315
81947705
65305150
69952957
35410956
13376518
18584798
41511729
88084816
81247474
18966666
75186886
39106226
58641678
97633283
21106502
02591882
11039828
58931397
27860480
56383164
70479441
01782128
90699667
90281573
48800455
42222672
81735587
50682964
23689291
67660734
55454094
63713479
03686629
46588014
92013079
42975186
81389528
01396099
54261336
55614396
32389130
69384379
70566203
52529896
69906496
97605317
68483450
44137103
92078377
05922805
64792741
22530850
56321959
35154575
20054190
89048871
41423447
22141729
69983768
04640879
36010928
44516744
97081161
21955909
10893991
56643772
31166368
52464182
02482491
43316892
64661136
25962086
16387460
55213051
84344689
69356384
51801857
71616924
50829606
80504019
98841945
21610517
87650639
30657075
66149946
51644950
10585485
81514181
33811571
12478614
56686063
10488829
18668416
25352222
42471823
42450975
45109792
16788179
70494604
52694196
09023540
80702157
97268211
32875054
73739347
17510553
24561935
25316566
14169622
73932098
88456222
60214375
17952134
63492072
45763437
82639972
40620522
11802622
81688167
22630937
23659799
43374314
57865444
77393226
36285169
29453119
22123230
71451208
27018542
41708868
73298198
52635899
00586923
86354053
92820983
15933157
27573668
93767654
10749459
46608766
43164420
97790902
57674529
96368034
79992077
66282839
31527719
87916669
02098946
52021496
90764018
05372038
84814562
68860590
80541956
22100966
93192922
20494108
91513507
11541220
66700925
29042900
33194817
87356229
32102867
44605716
91858417
88447512
05175454
24860625
86976065
54270927
96034399
44461520
35406369
02269710
17148188
88878090
97958169
97162064
23276154
37007700
83969207
72177313
46760023
67583259
46038591
28691374
34800745
91826896
46063757
12514985
22828789
47180225
04770089
39837732
42903485
27843304
44916358
19325822
35320911
07217484
08140599
79955912
00760499
53570901
35315092
41955406
98182668
76440833
59452420
13851054
35665747
88906460
01814800
95435403
76551242
09825821
29225294
82207784
38469873
95205589
90763296
87503698
22143247
16674025
82723550
25271871
37759465
61363833
43137187
46178918
09065090
87010129
72047919
28845840
17054349
97728238
10870753
55218923
00791549
64209634
13982306
25580150
59589083
52109377
76503971
63202487
86909756
24027737
71841565
21165749
62049502
29928879
86949372
69776864
52567113
20248523
61374190
05591339
03827769
59915125
85603805
60525412
58380964
00070981
59993633
66111425
02877005
72684505
69811155
90255152
34612100
52150718
57252820
64379198
64204045
21631314
87931656
03027131
80163335
31645562
12398835
27258595
88890854
71700611
54427830
53485706
74326352
91913988
20978977
09081905
88426415
47160372
70990617
12865014
34300137
72110528
61247841
69693047
91875632
23747293
54855617
57872086
99458824
26246304
25473863
15617849
02820922
03285518
85495727
00396748
19203730
13945940
94462377
45186650
06095919
62353034
13540959
40664242
12416888
27056025
11413345
04734688
51392854
64168827
41302968
51947131
27547723
69839700
37272092
80189974
82125680
79028890
59304787
45867695
31267802
97214932
42750102
48580913
00832375
46770633
05938576
67384350
50063625
02589244
65912802
65894196
03683290
21929861
33186965
53812869
77612528
31466440
99793390
33667275
70760574
12807480
97408158
81941172
25439536
71303462
60852140
65195855
34110003
60836353
05681646
05632977
20103504
11803485
43370540
96202757
13543213
53020512
24578174
49079251
04001542
94257213
34478821
56119848
24221539
82430258
11519240
94290210
23916545
30569076
37913660
19497842
21766414
30965806
83600591
79048624
52122899
49744274
62900623
88644386
76476227
17269739
74572337
05163085
57119828
20798653
29820356
26626042
35561074
22152968
26529395
19130672
57030220
69354697
15197222
59332974
43980147
35502401
62197510
66018034
99966071
73231076
50909269
32288956
80929576
57777691
15436065
65744533
05803820
95229567
52495364
99082181
44493476
56228049
49544060
47931116
34367804
60823419
35427872
45701968
63363561
23766177
28462059
46310997
01348989
41628674
01680698
52537190
90249432
04401526
82289198
95922754
19912988
40567172
68620016
00029564
79865878
06092988
52689789
16900585
97136179
01831710
22485537
96947928
35702698
09351865
84367727
92517556
81360216
32366453
17655239
83429685
66356150
54620306
54798424
77090908
33203129
48489376
39191497
27167564
47286707
57700247
64963290
35446162
39342624
66316461
72666361
21280832
72526234
70371460
92516072
19157291
93951285
02292627
15638442
61704872
03672260
13505101
34364509
07256693
85934203
51061583
56934198
92235109
69356556
00969793
58422109
77903790
69407603
51354587
38326936
73684050
54555642
40908920
53053412
47839137
65039733
50746627
31520429
84704239
99791721
92172884
29701550
97515344
60807337
18516620
19415837
05025534
87615851
02173613
32658540
06531779
20924573
03672172
64988387
39767869
08976856
69411808
76031245
94682726
87052425
00802155
60102132
26207722
12897697
95375672
36156097
88591234
15459292
66745847
07262165
58488204
77771653
17393932
77415559
34087667
43555615
22465066
00660718
41631382
75046136
05197361
91114523
74681784
80938566
88689943
61278065
81710667
71188351
39543141
70358160
05398407
88435784
72582338
68378537
27418154
43152726
02148863
59660470
28944495
76254080
07212065
97336926
87908898
21888467
11976560
62663819
74440265
88836133
99940912
52803192
77621498
25366617
15730834
48731876
94905904
44759869
07086089
52778644
80720125
89739908
57140062
44615045
35196308
78695173
73791472
28378862
57399816
17894002
10595571
06272792
11075325
52449683
80964444
15172687
48744024
35488002
30069221
09528602
44962851
07916469
31208788
26612991
38860621
15489600
11617474
65161702
05390189
18252567
11402011
42952774
92742765
32441347
06954659
22410791
09104801
25839092
37636574
34959115
22638797
15042703
26947100
24159639
71395030
93348344
09662698
61340736
44787833
71135054
00439960
54234348
52176840
88323355
42096085
06233499
97875641
81563310
74120730
53085592
70664283
04754114
38622082
97780113
56211589
13803435
36557140
77287012
85155772
17933879
56834979
20467458
22794046
65593252
97356338
49503250
58551485
89620099
73045884
81583245
92539590
36428126
65839986
54332325
51835549
88137921
25302514
95383502
39897058
22449151
71664658
89554079
75347329
29487661
58002366
63142043
46624902
59830769
06586155
63936142
35906653
37089584
50794548
53861264
08741133
31174428
55664078
27319893
97366064
79170224
30107010
76683896
49798818
56707797
04932298
57018055
68189379
36610026
69083143
81893230
10514352
46414751
06343840
15059427
38226319
38896561
00361668
38301514
40750924
08926266
76444616
50641125
87641656
64929204
97076918
42857519
46131893
57808913
82746493
51623561
06132028
00502162
28775554
26889088
20128288
49275611
89940142
89539275
91629822
78501393
89363849
23978458
56377755
37720144
59362260
15241912
37027136
21555435
08127238
42962822
38723879
74282683
45340530
77844226
10730032
13014569
37357911
95024157
48138006
30621895
15321599
68692765
81876592
05578758
43485847
36201335
38811951
64102440
26211669
35649952
37129875
81451031
36540267
01449224
31205821
66666524
77175974
67761214
00090849
35302815
17600630
34280698
64054479
73662158
99938702
67656682
41058512
94809072
54898916
53179235
14915656
81843500
42645958
51707972
03940033
40010075
27962721
95357788
38120917
14280891
96096819
25293593
89478971
52946599
35317766
69265677
60509635
21417400
16655477
09208983
43944765
79247011
17291080
29797421
27679460
22599682
54073784
81501731
49826828
44963713
68573307
42976261
80225494
52781963
60711535
22232195
47391441
98915082
97687458
26408721
18825911
52711433
37433987
64658933
77456320
70637882
06448112
27158181
39384667
54316698
64215772
34411821
37761352
00760533
27757480
17074264
83775101
34095584
37386692
19427912
48179156
07743296
00144774
00602895
42864565
10340395
15908136
15571314
27755036
46253249
66867564
50544646
15664663
60007114
50418035
56977889
17293182
45803349
29254969
46832888
94552742
42349094
85773923
79123358
83284803
85881157
65997880
69980915
77739987
90370601
08464495
71469600
76650457
44829888
93054261
82069278
94214025
78603623
32372653
49234946
18152248
90590957
64146416
70984034
66483459
91753744
15282559
76155813
58782645
31158042
69787401
48694108
83424758
27538613
11923338
46163200
53880508
47400080
36949856
94494111
98954196
66406914
94610320
84087118
12798674
12371497
46821607
84547450
09167263
39412490
77330779
01525110
55800257
92651833
64991578
21879447
03981468
51049586
52293727
03803302
69989113
13802120
86146268
76197741
50802910
69628661
76691677
96430955
76054736
16441813
41158707
19088220
37268706
87158395
13650851
11601125
15907809
35293750
73520881
40352336
80296944
96289552
60572544
97394575
90380453
39651649
83402413
02474881
47899910
63720652
17232499
50137051
65727545
51663581
97244234
42446024
69914125
58616378
12849432
41982939
48059168
14739864
18483898
64632694
17154406
64113140
43616188
58634584
95014686
57822070
11665797
27204811
23704576
77827769
47397977
34786282
07614638
86625630
50291250
95280473
48753598
54168722
68348031
67956138
12184415
94563720
23737007
23340147
01755681
51833161
23417515
83470706
96201197
30475909
22417370
07826854
33524340
26940875
62896146
42665254
06667142
14721004
07739135
31667608
35578150
92670141
33598096
36292709
91510489
94946871
34172588
83824551
92207812
07338600
77316901
83634077
33645476
60484345
30156378
62957167
91671376
38519493
12022580
34275297
12592510
51539651
01827306
61800080
61310558
06127067
86567150
53077905
02657708
50547037
13131390
18410954
32372998
80668115
85298945
83935190
12413022
23899154
18813067
35989140
71528229
24318556
56828973
32606344
84739955
51755567
63090490
45561646
82519443
03662795
09310246
75477046
08715347
84176721
98876810
33352016
16363527
40779766
77438037
48008545
25864086
00625550
25646421
92979464
90857442
18156893
09232374
62625932
91082547
19104736
69558581
46642966
83564081
23055718
15684042
81040383
80755623
61965551
93191477
85138136
45615676
53322591
45215102
76025243
14038666
97914850
02079942
20465294
13701586
26225582
38857220
19329923
61197532
61588471
23727742
81503368
00925301
94365766
44070383
26097923
75456268
52839896
23550959
95854174
87823232
62347076
14622479
51390267
08141877
17894575
45725697
24919762
72902506
61240006
40341511
01570660
09428503
67337610
91924632
64815661
81859282
08814854
10808971
97458523
88178123
09600051
51705048
95870637
25136532
32924122
81819008
60787320
31805021
91873434
45214919
79066284
61556882
41802619
42108324
27010688
70887861
02640359
40559164
52272167
03334000
03324006
40929637
03649838
09669791
94626234
99210945
77034634
59809828
64997577
71116606
84723163
87212930
95140472
13155566
42579416
87297743
86747604
48078318
75854451
15530122
54570388
05209775
79217590
92812099
85369407
96440931
88630874
63373487
15983630
63058515
22503142
79760234
55238331
47431987
26484960
96653798
52991476
98625093
36174366
36913344
11160109
29157581
27242318
37511439
29845976
40440999
44172693
23619385
56268206
73896834
52116243
99215089
26343966
78612013
09374385
03212900
32095518
36983481
14536769
84274925
82080398
73229988
58477717
96469750
60890118
92589505
61553799
01772478
77277765
99160847
41154158
81412699
11065375
68249858
67524875
39319614
35893671
97401556
87752529
89540472
20273154
27153165
94385457
87034292
85501757
46232584
71667637
01624144
03655179
15022925
19434810
77390140
29538595
52666742
80182373
99960437
20874344
65276526
74660764
68141944
06390669
44520072
25027704
86535661
16836413
30435366
34497264
40017664
97048141
95767911
06134899
96846680
55262306
53515398
62461012
45459437
19467895
25734751
44192224
97237255
86646120
54298595
82883858
23486596
22995665
86380173
20269256
64719136
67627310
41117301
18480138
05353993
76560125
69832721
41635189
98923180
34984507
35383667
45425907
87696956
78529213
71556515
55840882
95668799
31979723
90847052
54040043
34056766
69331419
20332152
00293490
59435787
22256270
44040282
52072760
55073596
49274490
84281160
33816136
66025848
57371100
56163828
67771597
62753919
84846071
26838662
36087418
79819502
56954505
19810918
16830311
51722388
31762094
79379071
61560743
33126689
23704197
24306843
71813338
87778248
15973387
31743298
87333740
45831120
62736742
31277691
61009672
61797528
61125489
64331469
18332582
42926631
83073337
99608612
09191246
00959799
71941373
95066765
05891876
65755896
78698610
51521489
39317072
73015641
07878698
79938566
60724155
03148503
69635600
74318964
09285404
08379611
95589402
80501605
83166813
25445712
00985425
16502085
19618634
51062123
31054281
10866625
38737734
40849972
94405358
07262210
01645048
76578366
63876902
38562019
79971942
22093038
92080400
05520040
74003915
26508860
36100901
06711172
89224759
10180987
21270407
28757994
17105287
23138104
00421906
44867585
43605330
21783445
92346834
43794864
47540762
50817686
40085382
07820688
07557094
60253525
63841220
31165339
58449567
38854221
43146423
44174801
77102541
01229459
94741077
75129732
61859670
49807992
08477637
28749292
64786903
74747754
61506935
74380124
09656578
72672323
60303210
21315726
42137673
44191330
75962854
10954955
67822809
87693930
44240526
93793540
45409310
88124341
21265216
82748322
28735474
85102393
48190510
80676438
43357184
55039829
40632827
14831113
12024638
33641514
22689825
37264120
02060203
26781620
87411899
84126078
82440014
62874532
04164826
52162506
49172072
54398439
14105924
39952079
50995312
41576419
00837768
24173820
22984356
72992320
10038572
43948995
97548125
65269638
31518484
48958066
10255413
60586515
45410291
61450779
57747226
17288767
49051822
87857573
75798368
21720663
97484074
67179270
12340150
97461435
96121235
41374140
05302783
95859043
02113080
91727803
77825270
46578825
67102107
48427743
59273380
70783005
85300370
14445423
08373892
75260492
91468748
56760793
00978495
19588314
82572736
80220439
37137310
98105461
72324325
39750778
85757904
68541294
23463580
52580869
16519718
41765926
01623319
28742458
67588092
31994739
36183564
67783629
06387529
11469401
86646500
95568485
94638594
02699525
13141934
28609727
23939324
01418183
96463215
12984354
62711120
44872605
01844282
27496471
75365164
27439489
51782929
42979271
62627568
44239183
59777752
67672227
50171960
76328224
07065699
50739392
48324295
68729906
91887053
75228420
18231175
38606398
87178693
89697423
19696429
52844008
72720792
81293487
09166018
51069376
98701318
99092323
24626961
64078647
55086173
02265133
83118342
49025220
83382083
55557245
37276808
91448410
83022334
24668961
97095138
18854698
12399558
15707915
99074882
44155875
34817274
77346575
08198244
67020375
88951092
52534017
58956774
69357744
49322285
14053176
67374924
13954553
44589347
97913702
40946121
66930550
49577225
24566124
86723989
18512464
86880411
34953821
85829332
31795842
20307439
42065678
87177567
53899771
51550778
70077247
64391512
77620631
01794155
01728458
11373836
71125507
60334412
07317316
08882039
81837413
04202415
22203957
79475158
91334116
87523964
65962912
28666817
78600128
45912077
20539055
73315474
92367788
58769637
67410812
65673607
26853974
65155357
57959693
13879506
74411349
62061521
59014918
49542232
03154168
44106534
03313453
78215579
02618664
26280147
24816215
55919419
76111701
06213172
52839562
57926364
51860734
68370006
96098244
18577587
86101909
37373955
02528006
55804553
06051935
92660833
11413817
17027982
98941286
40072300
39443324
28420063
61785370
39796772
89587141
41147148
60677075
17481889
09872800
22901546
02851622
57969808
82238284
71177493
27810225
52912446
72602474
01234935
71920827
35048601
01393759
77604100
05634124
14695995
69811076
59145523
65023930
33447444
87559680
00531089
84320871
47773319
67329874
26172396
25411878
84568203
15948884
53299675
71089107
93978900
84015341
68978750
84734498
21541370
95470489
60684853
69129830
29756811
35222807
97839662
75528490
40469330
69293767
94403578
38854918
36194669
48436532
98940339
00978422
16397278
31398781
84578847
16115121
14303992
42556245
39720338
87339962
35745591
13679549
26439572
52418999
68118412
86966691
70877367
93961330
81339043
17519345
26116817
91262692
95827472
47537472
90392081
82305412
75220663
81040069
97516871
69375236
03216741
11721172
75692196
85086180
84846140
77960472
68110859
87009148
42341845
43212264
15757932
08830437
35713465
25658562
40611778
87987387
96073550
34428528
63151217
87786549
49699340
66368813
65813759
87377226
71110667
73468985
92483183
24428603
31961622
42066726
04292138
31714923
73186330
40206656
14306344
98927209
35580857
00547146
80130967
48735605
14990601
43736734
18396217
88038921
07856904
37898961
96060003
66434475
18803475
32758528
82743473
97733443
36537444
01117823
70863677
78183335
72173743
64069755
81690482
44811240
36616397
97648735
15750135
31466982
91707320
19231800
25174203
79265161
64222249
23898994
46871205
50062796
16342469
67026966
11000646
25530266
81946248
42157338
80517717
45534900
25519403
64526100
70178410
86308214
46896658
56192471
51003262
22009529
60464902
40215260
80093701
83444409
87627454
43961443
94178491
14487381
16290509
72981668
49598107
45061517
72727731
71069469
19024101
65404181
22443940
27499036
47876480
45378701
65179955
36276750
19354517
33448262
29890505
65336892
81390243
22966136
41790275
00470078
97800315
96927201
97557368
02700777
65138413
75270710
57527333
62674498
35814074
32844414
54842878
92812387
83957449
27676304
60347040
84109998
81845944
53001660
26713746
88081060
99480406
97912537
85421615
97440020
40010064
15966991
05503800
80651861
82403418
76880815
69762734
79772490
99628727
31096143
91594476
45529838
61606370
77773984
64706862
26531419
58501896
78635088
70137082
64398490
12644908
40787970
39657675
62032133
71879949
96266240
56356800
39376644
30988807
67599792
56103272
47438475
95250622
32949608
36978654
72292384
44328781
08141283
43188013
40500833
62240341
78990100
34676401
20506426
06486357
95947576
71440668
93112315
73972026
96998902
60435318
12413173
56439400
79671548
17882817
73452539
69131980
77230848
85893196
82047479
07498564
49251054
54506862
31163016
57578527
35435423
14303727
22611426
17877854
23266197
93105591
54483072
63893761
71662308
84319919
61576321
93481604
33658002
48939070
88725673
04659166
99696895
52959894
90757049
62994897
96256394
72263845
81807704
59237827
10058272
77306540
04402831
77723149
13171639
19507510
71830617
96297641
47618610
29756147
60392243
99469268
08894525
24420317
85685337
23196190
73172899
63205685
00408086
76279825
43407838
96006140
97871434
44544414
48211895
14469806
78354708
59994877
70786492
95362405
18911814
90479420
01963090
48409443
38339574
82511279
64308509
85391032
59337400
36831645
70307051
11956848
06507309
21246067
10365905
63591063
34450006
22128097
09347415
07592536
33187513
08561340
73376336
73286111
69060350
64907339
61141555
51538428
44889342
05230398
78075390
91194412
47998370
95981488
70976457
19821702
61396741
60571036
62439044
25763782
48279501
07960139
97102714
57542149
31955827
01840280
15779216
54326309
47385865
60270222
14327073
82022314
67574255
78182107
47287160
68904214
06353323
46198846
48433844
59804987
86373665
04090045
82196194
86307079
55563424
91241215
42569536
63132348
75257539
91267218
16393570
83331490
58057584
62646322
32775389
94630248
70287123
29544828
50993649
48592599
63024804
07974453
63169989
72538649
94066958
88328397
99902747
42182853
68156820
52565120
25494948
24176520
26307791
49473827
02007987
50131633
96569770
43780973
57992939
81691219
84525265
20481362
27490052
92971414
71523635
05442114
21822439
66259369
04576139
92908834
01241484
57206150
52374493
19535335
05204716
73102991
84741068
90617862
09626122
86934931
33623664
52602366
54305342
20439412
52384498
83959649
88063941
83578243
36503101
61375827
71950921
19241105
68610705
70060244
94688553
52060441
35250590
89349592
82125092
17045980
19561920
48875172
54011295
15285789
73216428
50854271
95633787
90155865
80904212
62128587
15342466
46134093
05526220
30419088
63372833
65880836
92212883
81727715
41678338
52768352
10335157
55626771
23815529
59463842
74843299
20330272
35061402
11699599
54235152
64387004
40918095
70260264
53417279
62774230
81305524
66656964
46261613
30796787
47970382
87724608
02954764
56987232
95606165
23723734
56803428
12037057
35735672
53385463
72190916
82589404
94762951
59096404
35202287
91876300
46300371
44174026
32150882
94162702
16328823
16092005
11838606
97119151
27603719
23262033
97571885
93440942
48740670
30478953
71184582
62961765
26492879
83990673
65021211
40378305
08799093
60129878
74658008
69926505
57014752
23634389
58623742
03081144
86252520
89867807
98965940
06940793
91366947
50331938
37811934
85693300
41654300
34827777
31261071
46884631
58219008
15718630
32193580
06033454
34692898
56167968
49207490
19561726
09043457
96885154
01119777
20341974
71304504
31876108
98742199
53359186
86277210
69291490
12810063
07106151
06513604
68661721
26390146
04531864
17432214
70199353
13099677
28379944
45850464
28728730
62655846
89835017
71866007
94001012
20027567
93954362
22348768
40205825
34784015
46164722
96844464
83232919
92502388
00134584
70006002
35112129
02519373
17793049
16760570
57146421
19577353
57572146
42475846
63673676
99944903
52596849
06311441
69121545
39285970
22589764
67287639
21578031
84830256
39959295
80548799
28891266
81485455
61179179
79853356
74808164
44612389
72037609
98937072
69293430
83167316
22063183
83257851
29615671
78888928
80932036
86558429
13814637
01567269
57760115
92598542
19032792
93327079
66581131
42446534
21053640
02811885
41380421
68371241
40737314
13027416
08422028
03471965
79940492
37715924
99753930
80030096
39696472
10607557
44736284
95269009
93455774
82215178
83708810
49269114
46955279
95269909
06725414
99793383
80497218
38764128
88375221
84774942
05381988
64812362
80236862
33798489
96624062
90319685
96666530
89095829
21797016
92029398
05219764
17957382
72097078
93113606
43908999
89115097
85950125
12208844
28758021
80569165
85874261
46641960
97997041
58301745
39462665
34979431
20719094
24732514
98358964
68294069
15652322
03055004
58883698
76772673
23799663
88726408
09940348
18053474
56847381
04822998
69212063
51593576
20668572
76548043
47549935
19172681
71197771
03541212
63170426
40725762
37122081
17979342
47946589
43607841
55380050
90395579
34176673
94091352
65131276
60994279
16693746
49598516
78649485
94095569
20934972
82921118
73550998
18237886
06276453
47933111
31689615
72815503
76328172
55146168
64015198
03436196
83408292
68490345
23674566
25531685
76524422
83497045
50867450
38679661
38878758
07631633
99697389
19223242
50381615
82973496
05262313
57437820
01638667
44691492
14497905
41568523
54325562
26029571
47053697
94133237
55716900
67686663
55371270
12174334
10572703
12607463
50320462
57952486
69892181
79523775
60009440
01062949
65306515
67176839
35123140
62980460
81625394
92057606
07368265
79714931
70691699
20575364
98477436
21196660
03472770
95324841
64073715
11343420
67088640
19396657
45777879
12935005
35702923
57613865
62482814
77919740
05263529
23005535
44273615
29590001
70105044
50114685
79045565
58228237
75838752
45655743
94298336
18229128
48912522
25575212
81989577
99817296
79275072
83811557
09593982
19504211
74321728
20775633
95915843
00692539
22567822
98245389
08655810
75512986
49181668
33135645
49512965
70716916
74120989
54936660
04847475
96315238
10807804
29502753
32819580
77300349
66200453
26461339
94949215
70032479
87759654
64121986
81863151
16887364
11541756
12227463
05017253
11015701
25626879
33728523
53496749
58047625
18610442
82113860
08921056
18006508
19126366
40209962
82979635
54545886
73036074
44481580
79732518
76672067
59932772
83974723
04216515
84247045
19877032
24188084
30223092
01073203
04292175
90061503
87960688
29974176
33655669
73623348
86372584
07956622
52699511
49216836
22303637
98433842
40137420
11818328
96122716
47980357
43052947
97557365
20826017
85066850
13341771
08383506
69218718
09445082
42309447
92723252
72087972
26446551
92775322
58396579
71997528
48162335
86252662
35226018
19305582
89281149
53216006
79860527
00441861
20936147
89110142
95873915
72905086
38768081
30431611
60404866
45506045
15142885
24360261
04147902
17843568
50143724
65995600
71100097
26068958
14537447
82174453
18742000
95755304
43603024
65082896
19035178
41541679
31955395
21026990
82152095
66325732
55009047
64366423
37664412
11270188
77891534
10761487
50451622
66247831
37572658
57645478
55513233
78494638
93351901
76694896
32078241
62534431
80329257
41738182
85454179
69045893
10464263
82610098
15139803
67140844
62488706
59149377
38811399
04203788
02066553
70901934
45935026
17864779
83105564
56684880
69006744
28675014
85955034
74912293
56177237
71517263
36266683
13528102
09730720
13675503
10584332
26548173
56653956
03716471
11024702
29267583
07689009
59279395
51770275
24641837
47313211
54997920
07063987
36084887
83161697
79421617
11265148
52892776
24484878
35091072
21024485
05364713
67292639
40145512
27519803
07358947
15452193
43642375
50092159
98927504
41257972
75149255
24906470
64086266
07354940
69982586
22499851
98828691
19448816
31847224
21605446
23988805
97339421
53136029
92212211
30845415
97043721
66653493
66056820
36675204
46446327
64728116
24646309
18607844
66644428
42511902
39217759
42930076
19486873
38506546
74046602
66997856
21781405
85433878
71421163
20729088
16280406
42710806
90949431
79779251
14190655
15110486
59618513
01644613
66035362
19477717
88812353
59760478
89614946
51994319
60760445
71832481
77632130
42273254
19461832
99048118
82617760
67406076
35886443
40825913
22679004
55291641
28586691
85287109
95618681
24555932
75395948
59347270
09528058
99342286
54824835
31470012
39134920
16207185
18432939
16160679
04726841
01097928
71704555
76939643
52439347
59766015
05168661
86060664
22222477
55138989
16673384
50948865
22543042
14402319
44567467
19122697
05551456
81455149
21678772
36424353
28463464
87620973
92345870
28377914
32169212
82886174
95260627
28096482
69337547
88004573
84521664
90556421
65342668
72316005
38486357
14188824
56275599
88952789
79623490
23926708
21666483
69494086
07477851
80552147
67759842
72944256
00897754
51217142
26017511
80303811
16472598
86920999
57016314
97609320
76499751
40308456
09860987
23400738
71795811
17911388
36707135
63117803
47154128
35983303
15780628
58599835
48245873
02355208
04269696
84688655
87366528
79884687
12144237
07847981
61395285
26172816
46329771
86391788
66915747
91819170
84009641
50161865
71628715
97375286
25108218
91851074
66646771
26831040
26551403
13576895
09162275
96881547
39139958
03124073
22607145
56095427
97469447
81719439
39138757
03903357
90788840
98090170
07235648
98016318
16035547
29909960
35674678
79237090
05506687
41187081
28816011
30535215
85284333
91821177
35844564
59121353
98051053
83194584
51273163
31287457
35880978
72852139
84328522
96580494
77892124
86536528
11561982
34755218
65945610
19631649
23220565
04334334
32587616
29138405
68783214
19885750
98777735
07726423
72738283
28813933
00487751
80396212
34391186
50657899
10537493
63275696
86104918
72601959
90861949
24418325
03760165
43702866
51062349
47226075
54915377
38261101
75007430
65680417
27719642
21282783
99319197
84982600
65230079
67038241
29226733
92141412
91816081
39472980
85032906
17661865
31321582
39122181
90564861
28742295
47809613
68224226
55472241
98781718
73940527
40290554
74787906
18539654
46095668
74611828
34429354
76270159
97800927
02756753
26542206
23416657
92070498
11296882
26320009
22964183
88233803
27722054
19369435
05199702
28066118
00876800
24499737
42728549
40503351
58415495
45416210
46387517
74779122
57893681
70729075
92242008
11544756
16374725
42310852
69748583
97274299
91401736
99952831
19483038
57316816
41733280
37715581
02095674
40917929
27399968
78320561
16631793
18239256
18373755
48444266
64731395
72403128
92422928
11569936
59351677
74717102
23208902
74637549
82050494
80197300
79224393
48489003
27846286
77886706
55534142
68326145
81313227
17324344
74938467
48073960
91236055
45522515
63169171
56661807
59234586
47338730
28004094
76391347
04056921
37410556
97249752
60744828
10717706
96896454
35864820
11697351
58458836
25603824
03807737
57586516
41838875
18077093
62610997
45274985
01690944
83989254
30796432
88674074
95192539
93236519
25058834
10380256
04945300
36459627
66996253
92281581
45010060
99256455
27386282
84257084
72971093
71227223
86204618
32431816
98928783
72867991
49828183
30789500
21731897
53347812
44358581
21030298
45520702
39500370
20841919
13623307
72430570
29276121
46700365
19983053
75051966
85503816
78251570
54363682
11026168
49242666
76635108
01860136
09010892
98189442
64104226
93741771
16491205
96183841
42617659
10168806
91412209
22051036
79457478
22006008
57469122
96586128
04572777
41596031
99464445
04442290
96505595
98703710
92587126
47000508
91825372
02681224
76791558
61338024
46883738
98191657
02853017
36229191
70336806
78439234
79029740
45868427
94431563
88122895
62953608
92611814
89493168
04279960
83426645
87043357
94657321
25828652
97730215
05587584
91593880
10879146
38282114
30745700
70748705
15890503
08606637
51543313
26575189
96865340
30312643
20463075
70827355
94860494
01563923
52630315
90828653
45302774
90715176
95691440
09713054
66973991
65321444
25658297
36156053
68320096
41655118
25662656
46543125
10047951
95694837
20309612
63806501
95351661
90620986
74204531
24126049
67981390
25677168
16513947
28240202
61526241
87541827
79799062
16464824
94329623
30812704
04214724
18691724
84498005
40019590
71688085
01315232
52361603
68554207
30471967
93409882
75368952
94187166
37241428
12028683
73600076
42083085
86457606
93597177
09903530
18231740
45563394
77265484
32643151
23434142
45431333
42052622
69348953
14866636
33564602
33256431
06361981
67293081
43976936
22236113
88113469
51397137
14435922
73313429
18009937
06806053
03063634
41652256
49908766
53163553
89584890
90769818
36835120
43070702
63075498
31726418
77880512
73211146
36644937
43840555
33324177
04408869
25217914
38695997
53986696
80285808
91814315
97329088
04919087
82330686
28838759
11400155
08628564
77954615
61868683
69046542
01040361
79019795
52204312
75658307
25546975
25819902
71858730
40312474
49701979
34445594
24815134
60404722
72513197
35334418
18147880
33621007
00315680
69046412
36943940
88554507
78932518
97163436
58480041
37774515
57634855
59702860
62874109
31896672
32678907
33084847
36251797
89800153
05070287
79846929
38835071
00692139
40878992
63698985
69933444
80822492
19485930
80974168
75000821
67998874
28058591
58877762
27546298
73351835
65905490
75367329
22872150
73042246
33573151
11906577
30391802
56834844
10709413
97003999
09902530
04140053
75779588
86212412
69215097
29940268
78195959
96206369
32748489
48947396
66479353
98862580
62534190
38481264
87129710
67018934
28492932
65884151
51048035
07927783
15938580
62649972
55661374
72414737
70046928
59432967
95080364
83198043
80520779
89891951
85796022
98567054
48003597
50558852
20624879
95115005
97179438
63552391
74798511
14061837
38509535
70582070
93660231
43389434
80062570
94708685
41421237
95523465
96412525
17093930
68364745
66055804
03463986
59177611
46259913
39959596
67424966
87756519
04661764
17643388
75913641
55653840
98972494
22012326
22377458
61091498
79076002
14520890
14029491
92154010
99909745
83427314
21781222
90449551
43969571
86578947
31127694
79008536
08748732
30801205
00980424
84614587
38937309
68381092
11270259
55769819
41469639
97664883
83486871
37439814
54004756
86537612
18896106
75339501
03728195
04123155
01522632
35040168
64549113
03266563
03061619
46880204
39032907
78746116
07561119
82998341
59266035
57410342
91211558
40534330
19292741
99712788
03074462
95692937
84554265
31407136
94808493
43828606
32525540
60689597
00712043
91853761
51024115
36007402
07868454
70601805
19232857
77137127
91458605
59922621
36305565
53616114
16262141
47806002
09135199
20683715
04153949
04709564
92422910
52860027
27684964
43675782
95578882
66191086
80087017
75242798
20826792
76761181
01285615
66291127
98494151
79555705
44445370
81967414
06516199
90618918
31631021
78107259
18135386
23560939
83510125
57513149
34332123
22078271
27427064
12844350
42614470
80441750
10676819
68488378
65485127
37745829
14289087
05603317
24502550
30611782
48967418
98728362
18955871
20662893
25679024
22056433
25892976
56755968
43534133
81415634
55051121
53713344
71805423
99536238
99148497
18995279
42293158
46993215
85205404
78634038
00689134
46396335
88015596
73548531
80688945
38646732
80037919
70956469
07190456
44568544
99134700
42159041
69309798
76655840
10100633
66194322
99314828
69930421
51143320
03823292
47236388
02461781
26855279
00767636
72556593
35186160
10439503
30124343
30662629
17233929
56660286
57822515
42085763
14067765
49269817
00214197
13594897
75461006
59640362
54178880
89905246
04018306
32156145
81799944
67565270
99918959
32333072
28890573
08027623
69911172
35041505
55296641
03229611
95953897
18867845
12320679
28508736
54972232
67964807
77689522
01637486
02938085
48892934
02082389
78362378
31516539
67343749
89875438
46201771
95881478
87224304
43366266
54000689
48814528
84419204
86155139
69515099
83544705
78893529
15391025
93752088
81411408
63148123
60789744
72602152
99321659
86918386
91672733
42483524
86607213
67531543
35404041
17797464
14379847
00197877
12395872
02942156
62375306
45976160
45373633
46396887
23707124
35574163
08095243
56303309
91604798
18106174
55555501
54251154
84802666
92295074
09918434
30648871
42781977
48930060
15468822
52488949
48011441
21209028
90380561
91174893
22109114
01070453
33944480
07676576
01408289
94267407
07657978
04653829
74283520
38051848
56440829
83052794
41672145
46432803
79573067
72255521
59777437
17499083
19431645
78669722
22074071
43755587
55486318
32630560
63751610
70073417
46621870
55781511
24097897
42933402
84212425
53330604
18323744
17378616
25893539
71954471
13279130
65507041
09577551
93530500
30891173
53649471
13842016
91742355
08460843
18962423
68651151
37839774
97226139
50958359
22301180
38063502
59974289
99493886
06657792
68329446
90504423
88858050
66785801
07926894
34810455
93723008
22040270
07817172
41244680
39873965
86605077
04428102
45939496
16360881
50233032
60564937
90701637
47882312
44954660
66946820
45746016
29177392
76862290
72957923
14775657
57248204
67734164
85290141
22231372
30093124
42203128
43479057
54984922
12201202
02632895
75085731
18848471
85166464
33990888
44158633
57122586
43651294
27820093
19179467
59669793
27046837
56390670
39619080
11376457
35714181
07568901
33166029
70828682
24833176
05622310
79450991
10641771
05085861
93593656
25394618
90210143
94452933
03775452
00287917
27029481
55846332
30171577
47053875
53349350
37701604
42201580
00231196
84676047
92285254
36228003
33114609
70345388
15096154
68538725
79334752
74276824
22481681
05201699
21377271
11893053
63683530
97544970
07426849
97185016
62930655
61893354
78966759
15695164
29207129
95040763
87059211
10226558
26486660
11675862
91169766
47001771
04945644
11381746
65442163
36573765
69601221
19772486
32470717
40992529
40780147
25760228
28224235
51931895
51204225
76542186
98135732
04337390
23283469
10115447
80382599
03966209
02703732
98589063
03239102
20180035
41177568
86989536
23965608
24379077
19253014
07630225
72218046
13518743
07657036
15316982
26174320
42039280
63997922
32325404
20811536
17934061
11040888
34184806
17560564
78134076
56211240
62562823
75948129
01068813
87702146
46169835
58265960
62296749
34287689
31451157
30293184
22163978
59464218
03160993
31925129
29799312
40583546
43587385
20742246
05348363
95009999
27277265
61531015
98514947
39521971
30557096
42254455
03047622
53584741
23889477
66794128
09077777
11346146
60805653
17299603
46483867
54581644
36340812
71666984
35938334
51270637
82529149
06465082
73273397
77436336
71044228
07586772
11852878
97776574
37809679
72115347
17729634
94187002
74731608
71431217
71851021
56494535
56365844
28711628
87052998
72366671
24424615
56278322
64249446
80172173
73312655
44171193
19362502
53220432
52992905
80341637
05117147
11739521
98519999
39453461
78737167
62701381
96673598
42942697
60515417
08134537
96103226
97766873
68792637
60359685
25696663
92218849
89347346
80725824
15718829
93753539
08099180
31772843
30413190
32850699
91920846
62575492
47540333
82980252
57699313
27667285
50317889
21145920
74942839
98381635
66151988
76989445
35054176
45762244
92954489
63202038
45693081
14268696
98712509
21777351
37983434
86708423
92548225
53069855
97079916
48375005
49025465
86539208
36547080
94046363
73260751
77577830
47755039
21911130
12051185
67369693
41800530
34963104
82880815
49330556
47042040
97599817
69834076
33016118
34031226
21837549
87816415
26475196
77216822
18096036
68144480
76476162
11538027
70805025
51846700
72484202
62167431
53658425
00251662
68563636
61550454
13975015
94973657
47733047
32778547
76883105
04397756
12359255
85720641
39126294
94430469
08296692
93488385
43345344
15991736
11177437
13056389
34061263
33427297
73229661
40051349
74551379
97292017
11474180
18142624
65884383
58531366
40845395
39401607
86615424
60851669
35784562
93675339
31341871
22393892
46952104
00290375
79859638
40008415
03688090
82642584
52965338
18846826
52435667
36157491
41416728
97272291
35665287
12435098
05677296
45610447
65099066
07781085
62718754
92816531
15310397
67749807
37641173
86947680
73821497
36940746
10088852
16159819
74190552
78204245
42760581
83810452
46689144
62905400
80381779
25296831
17262251
63786738
70958204
46726058
51437002
28732666
38432191
56160842
92865734
04054195
57765719
89155955
46143869
92134622
73280792
05424041
52995250
43574626
61959987
47375118
62883622
97569692
59210412
82821367
00848371
97376663
32362674
43998199
76558679
41220053
66960962
95276725
55221656
60975030
17073506
11481595
70222332
78647062
52982671
67496198
88520188
17024899
30891152
25436874
89624416
31205598
18316348
33501940
67552230
04170038
96155397
08058012
76972256
47050592
73820041
18219989
93866740
54281108
18124304
03356521
55289501
69592213
83105369
97660828
71737724
98615454
55043687
30119967
44527989
33870938
65808441
31163596
94350833
31161985
51085232
63269788
82633006
10636861
67993463
97526100
24826336
66053234
93145249
66405882
60058949
23319012
86167079
55032692
14051874
89631154
39171364
20061413
44187240
77392147
75846429
93478864
28069785
96083447
14132891
09155394
14227833
21813774
56169211
44714894
06458292
37849222
21160280
08101612
10565122
58555759
09832924
00614009
78560939
74676632
02499518
34824344
45937973
62267364
30873541
84922491
69993642
69242053
64932991
55486605
98638608
86532484
76840619
25300597
65067288
45313078
36605559
09986682
97910794
57786117
17871127
74891315
01830927
29953786
22815019
26939034
63327761
99104711
75804107
16325532
28020577
96070938
07050324
29487613
96719261
24559731
96531245
89029973
67293422
13790095
97330149
35756922
73311682
20641214
59815948
28285354
83384214
18998668
64926636
85655162
47849444
83445940
60002963
06000029
59356550
18055830
23561701
85567133
10537216
17829861
28418906
14713598
29248057
08064768
15791859
02698733
51688809
19536351
21879789
09450811
86518956
90983665
03310351
69362421
33357936
46663615
41436250
35081876
10035025
13412432
55565894
84275531
92641512
33595566
82887784
88964841
25861682
78197213
66413148
63622803
14545303
83356562
13373041
22462713
77995622
34839509
86358562
18968810
20241054
83937244
31249451
82798813
38935730
07567215
56814580
64446298
43135286
48178947
43016596
09999439
06151419
55415945
77371946
97894637
27297532
25090980
86727544
44479232
46301242
92857297
85673825
77277022
12229798
35338721
98153238
03927367
41686278
31469273
24775311
02803087
01313453
81259942
15076293
12759089
07637401
64783422
05943182
87649373
68222738
22423371
11108753
63823349
63118017
78155087
86317066
30318551
64748839
48877556
36063598
99621654
62200679
10672967
92950326
44744191
13891703
83577472
85902525
01414903
74935650
31114043
11301610
53802577
49855093
85525476
57843598
73088510
68662941
42806995
17941072
79221025
92984781
09936356
30006147
78303768
22553008
14297120
93172117
88410346
97215597
93922832
66303683
01097402
24677945
84877922
28229779
82769829
51841643
41573486
12255222
47181985
96452284
51048130
78925108
24915278
28655432
85639555
12083406
73860806
21864255
88942078
26625803
50197091
03267801
48063526
47784697
50224671
54714166
87562409
35470200
01378806
84578326
92330436
41357343
02006422
96498492
83135700
97614416
58053406
68182297
57228356
33309367
86284214
55300641
59557849
92063161
91305941
24305578
25185074
94081460
28188893
66367791
28730508
85890074
46807550
79292198
79591704
86911283
60840577
22068368
12514323
69142891
35236603
48222322
05412036
86987672
66785671
27993033
73446085
38113855
08580252
76388102
68910307
92650132
71723417
89886730
56650040
89493386
35491956
01647563
46051623
54771159
14694192
21649795
70300724
70613659
71854632
11811730
85022830
61026177
55313877
76977311
17418891
45887374
42227318
33882040
95348982
30701062
18063686
35710575
14802905
19680820
02333317
51405728
46293362
79015893
06981385
61928361
43846910
18802433
85272185
17568759
39383928
97243789
84207744
44346279
14109125
65259314
16313634
00034818
45814354
08006429
61476425
59628610
08335933
55696358
54688685
49014638
54468990
18674702
68803271
07157064
15744457
67764394
69732753
72407101
57404417
56024132
37975544
78346093
98274724
61735868
39459575
27568562
72339051
00861379
18943695
47388634
60044651
27615986
90401382
50802911
92868244
40783306
09551748
74691859
98295904
87779119
90626093
16698460
25171900
39646699
63891632
59769856
80024879
94311934
71362006
18191810
29887589
09526577
72282719
01515098
21990206
22654332
06806246
10682326
58591765
87920840
05291754
03683572
37196726
27908755
16013587
01039899
98350403
71111436
39770716
88381385
61911964
20718973
24481601
66239002
01003752
01657523
29273386
77886178
67850434
96512972
42109762
19931499
01246279
30074323
63576188
73366975
74611451
85972678
83102500
84811514
95222839
97000820
71278669
89817256
58967868
25489234
67266885
27928572
21705535
78328833
31939623
37549775
57629195
79753651
49019518
78991480
89437558
41331301
02167832
48083342
28673678
32219482
38600910
90069332
61998638
41850638
22102006
03795268
76130068
52876568
85767714
77651473
10275293
72512241
76105336
38985648
72263647
88957370
52495519
78054860
83557585
71804970
91740992
46544715
88668484
49817906
79763326
00153104
19641843
98456675
95908496
67710096
72526444
61435477
95465058
99731700
60248322
77013508
70231237
15445524
44305700
93991499
83133581
04122093
38456111
31278465
16196617
45882438
83334385
17126441
05942198
18803788
37350189
98106121
50346238
95980261
89971139
00358460
29858860
57482226
09969299
80612187
34317208
45642214
06363941
36355808
21023867
77136192
66272448
98728515
94647729
08835692
59350994
68831617
44290458
31230975
39556559
69538081
55622937
34589043
52952910
79535671
11602610
15223322
54197633
28235168
93536280
96491727
31574387
85276942
86947301
72245407
62303820
38832980
02287305
83517148
14255542
28686417
15901332
37995147
99808011
55473802
68097024
10440837
36044234
07277094
23110573
63485541
12049453
49736309
81411881
96649352
31822578
41396615
15659711
08412526
02713622
57665325
56392381
90834075
24333626
25410919
70315828
62452902
90751198
18211779
35087976
42727746
94976910
97011356
69477389
90235076
18162041
11141864
94087184
25099773
25965399
86478567
72704222
01949963
24104729
15986804
45126151
33538764
64523704
10394800
89376918
08258277
20997187
83267550
91135412
92273033
00040688
42672829
08193165
84469903
52572000
44621253
99895501
81499149
18602006
40766053
23378300
63967893
62411786
68027397
23352621
29739096
28677478
34701771
89632874
55921762
90584983
10775666
84035850
31933549
63686152
48527050
95030510
39330157
91276297
49277606
88665280
97190426
85121849
46808698
79724448
51297470
94767126
45450629
71206101
96492470
36608886
20899074
76960502
56688883
96905257
40784625
79258643
34789697
69487703
37526086
02029516
63027393
12002367
56367507
84457754
90137169
57866820
31196780
27132971
79204811
85386497
41286116
79903956
86497715
28955315
93048537
39287241
48127504
06272436
34680554
50819422
10801140
55853148
56977646
97946152
59863425
60757688
09549456
81816878
56614039
22189356
28864985
57467662
26668540
57868096
55909083
48983555
42692985
22767579
04957135
19329997
88334569
06646249
72733044
53268435
11525815
23592241
64397186
84733472
34910329
79339254
75431413
29089617
70958458
85439038
86694359
39996474
40693312
43005252
08043328
38126532
36382662
11194701
42564943
09310921
69798142
52957995
45008619
72944217
22492616
28114182
15031850
29424543
44405016
31278716
46738476
22392045
45012179
32480180
41603577
91775163
41965067
44956752
12837415
01009167
87969744
10201527
77907234
27663442
75090126
09850454
25544882
24494642
24003708
80051186
01930134
68525993
01293276
06674661
37301963
57499784
13608670
18452342
78802404
60319058
33263549
13483786
50710924
99838872
32781031
85201063
74372848
04655670
24938786
45314329
83502043
71259311
22488227
77840729
34869438
25782953
25136125
28857469
29978094
87156065
30702474
90435429
61482209
05546692
96348749
22205443
10063568
71000679
73105814
17428640
16117869
94915229
13858896
91122042
87350022
98615033
19389487
50538352
07361080
58847884
45772555
32956717
52147449
67324822
35929661
21415822
85571682
96141431
00914218
67884486
66378466
00634824
84871135
95111243
60269561
33267631
77958245
75833398
71788152
34409103
74413812
54768942
13125460
23475008
99578906
22477793
60157312
31860650
97558625
25652525
20121144
52718449
25436372
01080906
11633137
77740295
59671595
93157596
87180334
69909491
58268494
02876112
55791308
81036740
35344265
42717535
81857196
03077671
47642294
36625622
21603882
79383170
49425980
86355248
81698477
06555870
69227545
38682876
31643659
69799195
78205599
69346538
26219910
88642623
53108630
20354599
05065394
40969214
31459707
49485683
16066999
48514933
57132768
72600867
70466737
44833226
34011709
90495803
46825829
63099467
63390437
32231248
09399416
97739188
17405379
14514191
04105370
57094225
05894400
29380823
33562068
02428836
01667779
85465707
79195700
96460725
04246160
28756373
03445655
03717905
93687799
20757239
75934694
18507355
67451187
37772328
62128234
48345933
82851958
61368162
52085722
36762288
20132580
63926498
26441199
36845947
51105407
54312114
57864262
21450534
41678682
36727449
51222580
19977255
35629081
38406880
67240040
51895476
58769727
73796372
35898299
44479936
27907894
77116965
15136576
85907916
51875360
77962264
20523190
29078972
68438386
91350979
14054716
21434730
21073435
15867943
64442398
28015150
41797035
91201732
09896902
09716945
17839368
16405000
66718716
86237916
52439578
60546238
37647737
96190402
31103118
85178386
09756269
95652236
37318171
97610729
38094051
62585108
33083792
56020278
23647968
88488548
78387468
13952924
22427092
00092171
45724149
48773064
07930279
36866454
04394235
20588377
39888704
67112353
10674003
38538816
01103010
71421217
77742002
28818166
43355859
74333039
92990021
63040475
59883545
49750732
81261390
38970573
23872201
63067991
10041741
04246198
00133997
90635285
13948591
59771385
96908074
15314906
06335832
87175877
24598465
85112986
65056446
30358937
06484098
26441191
79265184
70117746
51105558
03958920
23750766
47518629
23342869
64312618
33711380
71297178
90093310
82038367
81885345
64518767
51631403
28477591
91295889
62345304
39018616
99669598
10392154
14067376
21484058
21710358
43505444
39675421
78001639
57827455
26209563
50254016
37867038
72101956
36434331
17259578
40652657
97119098
91562951
43469168
96944027
48648901
69639133
52265590
78787586
21177761
35632504
18431285
90556286
42342826
48457643
58840749
64705971
15556854
55109916
28412282
69238722
14368702
62097972
17949907
87011927
63000567
74123569
69983366
07213675
90918583
12204898
16451143
90573294
47173486
68211759
44536850
60516995
75302277
91444573
94129575
16811168
99223822
27999424
64880831
50276377
43209042
94087801
54881043
94477440
77546913
36628564
80923994
42962865
20698156
79196274
11026829
94772381
88967134
73059378
55997565
24846131
69427735
42215655
10984414
51729491
90381890
62466849
04550463
72476650
97564795
13488724
77267811
33196045
39816492
30611205
27532306
54486049
80366037
88029567
42166537
87208800
10155899
87493972
32356020
16813557
31675734
85047383
54266892
46361577
63982768
55159419
61589521
94774794
83166503
20563177
92641727
12329324
74300312
26839660
87040618
78699128
23632534
14757688
78735878
57247518
01138665
20732743
08894384
67313694
12240842
98298744
46258641
05349781
97752128
55747615
86890441
82716992
16641785
94256603
22186282
38324826
53862273
94622520
51396187
84288378
23058521
07839787
85663323
81092138
15377945
40100533
40703324
88700242
66023611
05772520
62600741
21204430
55441225
36332992
85490525
17350812
74025309
60278331
20993721
07265798
40125313
65274056
61813858
76541483
94247742
37955604
39410246
93151005
98603090
37019279
73755309
89139654
26835794
86358940
84367982
14640319
87072977
79246024
61130215
49799992
42999475
80031978
92544988
71854409
57582975
16688670
64584685
97628802
95690457
58509094
52088719
56679878
58098582
60091310
53065992
14664968
65027097
96870742
57895309
87433691
72273929
67579954
57302969
56907594
47050628
99781715
16743758
88741634
30206433
06103863
95285659
71732613
18522262
17990908
04907962
92251610
39426838
53790250
48167724
07202276
85214074
66234533
54140995
17878045
82556243
45826285
06711686
65138185
70966210
75251351
04061261
75362443
67112321
44905198
05102632
60731273
81759011
38682656
87326765
63540160
98699678
30939446
89598153
39212014
06979615
32645031
32951628
38311120
15871757
12888276
50860720
72733190
44640212
56836643
21848422
80138317
51509691
03382509
18603638
60903098
66835386
83734430
25734640
82625676
29694416
10508361
20142234
72968678
29096333
60746663
22630485
98181537
43033100
09080418
19041667
60378801
78533697
17341026
85964906
23971137
40329476
62613913
41204659
60500890
48768130
89523504
06539766
68693902
97124187
06840199
17075948
83898488
39646179
33241297
81923248
81716174
22310474
00708626
94812545
90777848
54048921
35127510
78086451
04083780
31580680
75393837
11345763
13816810
62526059
34996868
84703351
71642215
48376306
42752834
47958800
40538303
57234409
38054928
35391508
74294690
50304284
72228220
45445826
06144323
80915890
32418872
97143658
85364243
56259297
65927689
61213633
81440794
17277516
01680869
61675384
35382319
78994056
95945254
84680176
84386820
42650294
74969520
86646203
26848384
67618343
63890604
31911029
85343932
57385210
09059403
55470584
25765751
59164895
33443922
74835234
84968998
73069330
60870598
78102496
93495882
35641790
85957869
32335092
86241255
43563067
02021742
78089456
73140768
05248610
81991488
47265515
92642120
77434641
30487891
37384936
97363177
83745593
20314066
99409507
35370139
98874051
23024899
72407893
08740008
05623901
14425571
07463385
03781387
27853811
44226776
83599430
76587590
89152948
49078706
11358096
95181979
89819556
13758343
30625384
35571267
63796258
03675263
59363902
06876281
20965452
80556050
64605870
22543178
64992367
76043047
55628382
60762326
75106978
13896739
40988579
34576691
91279074
64213937
98608088
95864796
29571153
41630802
76476276
33569833
38966854
34335899
56412040
88583481
73552706
84044228
85925643
56710691
86378133
86660340
78844878
90435690
41906158
87661511
53318175
33548251
89832141
26358206
28473272
18051850
97977471
76766208
76865642
91339437
72101558
42871227
62009317
62774319
87583869
40533741
07935739
66383485
88498798
44662971
21085441
27684657
30468172
30055967
09623264
93552307
92212601
47065813
91184418
28200601
80002801
73029040
66661302
81999774
57437338
89630963
18799514
55309987
99758914
19940044
52003144
94979654
62588360
45690016
29314534
44150944
44282388
12980521
00217270
56999134
48630938
26029670
82463930
19772316
42003578
38127119
06220378
14876067
54122732
99071715
43124762
48285945
06033201
27932922
13969625
49758909
54994526
48355514
32407990
35523099
73914291
62735668
93292438
72270638
50208097
68430951
05144867
82866633
47136144
56312974
16377661
56903045
75379451
31492650
48129085
30956486
89076474
34959672
31531107
72358069
01931105
22397904
28143937
02064171
41218969
77880353
14502538
25892441
83561822
94564757
74765115
64540821
74761538
79326292
12407559
77290120
28454552
13317369
35774012
47148485
96365726
03195122
49997339
10186091
75420821
34062482
92075791
19493548
50683353
22702437
14684265
14911213
93857030
40110417
64196796
39572871
67017267
20848992
22207157
80340269
41573169
89142619
97698630
60941870
59311705
12705800
63079154
71532730
73374712
46534780
38652701
49679883
51743455
53915253
27450920
54885226
50550630
85128297
18193724
11648258
31121177
80314998
88152931
65673495
58545993
79579005
45433711
69427681
07294097
20094478
97546902
03306705
76568843
58362313
03757013
06512794
64637159
23465367
70480148
66980803
37806054
40528677
09451157
83500901
95491721
38136464
87664812
92816548
14293519
80766278
25815636
66942610
70762561
86358735
89646419
97665616
85472824
06309649
96736479
24774350
90757359
97417480
08702409
10046041
75370743
46165015
53529966
23581802
79576827
95563423
85063807
45080160
74404646
16691318
98478446
74404804
44846260
54467202
07562466
15979545
51006214
30838659
66708760
19045557
82374346
47480730
68259757
68852921
20353610
98389334
48221565
98104186
12875125
19761712
73874755
96679108
04462396
22167362
94213500
42704365
47559731
75762824
44573287
82001437
51271285
05607972
20215444
08327953
99578156
53076539
44101462
83634512
42384047
52694449
91494331
46238707
23945205
35288934
80574103
44441536
93416938
40558137
06361297
88708161
67274034
98023115
59219846
96484680
82913946
07870802
86983549
17985692
65053673
65805093
78010790
37344677
00242177
57097660
12736406
21745924
47770372
65613189
67649921
82578662
21401730
82062152
85596472
49876229
75778682
58743488
06481385
13552604
67970180
28390053
95493163
64285050
17183260
82387891
05245473
98697912
16864065
54696069
88473306
71060754
59364960
86035605
75888570
48930812
89587190
53054926
99772793
01345215
86461071
13847270
67691940
20706546
84467672
07316988
16244995
15559406
67517805
14444047
83949159
14437061
10254431
11870239
89532303
27141042
91158984
45092871
86258819
38001631
73758357
73162488
35273176
90944611
99029802
60432190
14266426
18922402
77022863
50745996
50188556
20559934
98568000
10607283
70123692
04587834
16713137
43167337
37488249
59465781
03611798
46434570
95173729
81984637
40169123
92718552
60874867
18204949
41606051
84555069
97243060
84105633
31938897
85092741
69111895
31741944
78955121
40844470
65000305
70497636
39767179
05395968
94599648
71469390
23736418
24677617
97750604
39319856
44062452
82081967
86648226
90718311
26402296
72757687
54187121
14051902
36920321
59549075
12708460
77916640
17310232
30512684
55234237
19595256
02053054
91475663
42830361
28862080
12938535
83569288
04617173
16511203
38614247
23353491
63034825
69576280
95035984
26204994
40604970
05144145
03960654
60962507
08540630
47467787
45300702
82061964
51298547
12421044
41167115
36163348
00021333
92076300
20321347
16153561
08102797
61913790
05288725
30074234
41648744
14342434
11679759
80291500
07904178
71976167
82767579
98470495
57011692
91138804
56476188
85729899
53406345
35236402
52390483
59584659
80034967
98061484
10133815
39589732
69100621
70995749
13289422
60552699
26678763
92877641
22180285
24693284
01909042
68297802
94089733
15123787
08894960
97279613
16218392
84280136
96120458
47218501
19914235
54912677
35955767
44540144
62689666
20800783
09204623
65179120
22882088
38616454
65345992
54071771
59555270
85404113
46603777
15206466
02865378
31410865
52050165
42195251
98618775
37201280
28474862
10527845
59679693
63071371
34839628
85729909
82191966
19083476
59706136
75632473
11761271
34257404
43005128
38147098
37824648
84759410
06515499
12716702
42918437
30349021
09144698
03922600
04571181
23027777
26554880
82219296
21340878
92764836
89639240
75892826
13610482
20927852
85597770
78307561
64326165
11061791
18118314
15187361
95694307
14021869
70282810
37440508
80298624
55769134
85423560
41759350
53654433
03264850
55151829
20399901
63102987
31660602
18851995
57524589
92515106
98501573
40288445
71594927
74357105
36672882
05940649
61737821
40794113
90315767
65775663
31722886
49727655
29490927
66566239
77559457
99720441
90758897
79441444
15448713
49253886
70366483
99089960
98162788
97098879
78841781
42252797
52844336
43045633
63479659
05786383
89185702
68051079
15796419
75571320
75878208
99298844
83722658
45055267
68882242
24752017
82721317
28727070
94080496
07233601
33312797
53830488
53558164
68677592
62672307
51622840
96768310
45999125
38332570
96596449
82347614
21743507
08357175
84631851
15557124
69135545
47626672
07335388
26396720
66085013
79905052
10756355
42106544
07276381
50221411
35913288
36065622
94565081
51120184
63553660
98323225
99354267
25870552
74694417
21143213
08422777
11012916
40269152
96913782
50531062
31100169
54692025
04879571
11596226
26044446
67603850
45806663
72114871
46145434
09831326
30672540
21596303
79065939
18367556
83493539
42517753
83819811
80915902
57740879
62280004
10297217
08802370
78807266
62602696
55641347
16292588
45263734
28053787
57621209
27191154
07959527
02249560
30662106
39545173
83397375
31959572
57111860
58282024
72333085
85687462
14156798
25630582
07961824
71332747
02753930
45352714
53306988
54188870
53151454
31985185
29557315
25492696
50260485
37535652
74919536
11518182
71100437
18995376
86273413
40250252
12751674
11947011
91668930
35219168
97717311
16460515
32328286
07847847
69084089
96362123
77625336
89737312
87134793
14994861
60601397
55434109
35567393
77772274
70180444
09964433
78018309
54368849
40823650
48738406
93389627
35613131
99924391
68297144
60389689
37567486
59942067
38621701
43930353
99840610
88435371
76217193
72977484
48564291
67971283
01915658
59326787
01229191
35423977
99363555
43682454
19347983
58221223
39100727
26390660
92747925
21976680
65374849
22500044
40596614
51056020
26695113
73455152
38184001
44936019
31803274
33893623
52784462
41106529
80931909
96683954
41708780
32280266
46623188
34475597
67309746
63752607
35976180
79870814
73444424
65643553
50728862
05944430
99623829
89900766
37945046
09258973
57710215
85657174
65434918
82160912
50145059
94285000
10584229
24892109
95945031
18443726
29136227
48687864
61009394
85633834
69190041
74345286
07502350
90405469
79332020
88214896
78557240
11446285
15506875
34844580
63223325
50530589
94337837
27990811
51771171
63696172
62049184
45179744
57244036
91677950
74243003
69457896
66887269
75114566
31669791
53912078
00210467
61719907
27673140
42524197
72499401
17264785
13272856
76950777
95157117
86715808
71951014
25060513
66238766
63037040
80960127
97943633
60565788
64702176
98232222
95325586
96561537
44217209
20011736
33817777
91955647
55835850
32016820
81117469
76065780
28022817
91364993
70348558
76982894
39355873
91150964
51024150
76465066
39565019
57193765
34084996
12700639
46672270
71030980
98946962
64009004
01663868
65151662
19140663
01893404
38920250
89289094
41523111
15609242
11997015
33433828
09361405
16167480
96719389
48198146
85787311
94557891
14666847
89741167
44578956
91671275
01748394
97687512
83747323
07746940
51792214
10090042
46791019
97809780
32321829
45307433
38982496
14787930
07451739
94487885
17929439
40868187
39670350
30739689
15702996
56604476
05335222
82184052
44796828
82266584
42732058
70964104
23396629
09201560
00576221
76191843
65642573
98635906
17986800
85317803
59584872
91759719
73229024
54547797
30419929
24471344
81011452
93603468
30960563
79973325
02314899
39598659
51468450
73828360
45172782
95274800
97550321
68483348
58191680
04802793
44215892
12834980
72164893
88071807
33462198
92935225
69121461
34257234
02551066
88671203
27990222
43003157
85372094
49057691
96845857
51507993
11231113
52087460
99337863
61430334
34308512
49118788
81221679
96140075
43675477
38325436
12011783
38484825
05965052
87021125
95167770
75080863
77041901
97465733
87388990
63676417
76126253
73420285
97220355
61472423
24471024
54774601
85287498
14265938
40641379
07017864
70297403
06375105
43634518
22788797
20759664
93539479
07096153
09443897
47934987
77456254
39830513
32471709
79675174
61835403
03374939
99511250
21762959
78231414
39324973
00324112
84618699
78178271
39341830
18707088
92773560
37850698
50921233
91833764
71957175
90116851
12068658
26334475
97051818
96211343
03991860
33310219
81078830
86425222
72266516
80945937
47430096
46716799
60362022
12097107
64601627
42619416
40997895
34973665
17130429
82856776
67872069
34185607
29734505
51152648
34027464
95096528
98762774
28693968
04125334
55111407
29627269
80515227
49798137
89685661
55465367
26968586
53961159
85262677
35006968
61908241
63621639
16501246
53437286
06346621
95673680
53316456
50895887
58106005
25759352
61979662
85912948
98700202
43393744
27784753
40409281
86438947
77142944
77117923
88521792
32007436
04796040
93615233
16654451
05891585
95400247
77669196
82058900
27886746
93150002
90814239
48042355
88073227
02798592
83978216
57432643
57935120
05437240
51290114
17624529
74708002
22918421
22223101
78257071
39442352
67108968
11605589
18765538
55603901
38145378
10194869
42920487
55506346
43406007
04366519
48845316
31890020
85241373
11273473
97987498
84103018
96364531
69152776
08795529
34804288
78467721
01162746
26084541
67276453
19724754
49757237
31444388
09612152
82220887
26356933
20763412
01018699
44453770
96842207
81801978
85656935
71467999
02076467
63036415
32318111
30813484
50909238
72444093
16934737
85224655
21016454
37438296
03234010
85220719
23097613
90421758
48364078
16508920
00157205
05557505
34362788
22332336
66880469
00106990
34045785
61265962
25468156
09449403
89339459
58995181
00059655
68771243
96176875
64813781
22539156
92848026
67156648
78910133
86573905
75576705
36041366
31032890
97591907
40407643
34545783
36509203
96870135
48112299
23703917
77902296
02352050
69476400
92767782
87389257
52980136
12555871
28051444
97671282
82833062
74868372
31754337
25051105
91965207
25379071
20057149
95135143
01486818
30206633
66807023
07480672
86283313
66577751
31143762
81069215
49388042
32216653
16125698
31541093
67075368
49002736
85967720
18707673
40158198
75435200
30188246
90683735
17961285
05099522
31547926
50081851
13121177
98974857
69960096
76527170
38237033
90535623
03362667
89243534
18562692
62112211
98783967
72063728
07747812
72746667
83052594
57170889
00557450
16425941
63503964
56673495
25952546
95482134
79364213
47290577
15938849
25982728
27945302
37395880
94836927
55431977
28668148
73094497
51396494
11345662
67738652
88957830
85006109
33832638
53488814
51369224
74530765
41719945
96363769
75789325
03868363
57249816
51328301
07680093
45062780
33042624
00884758
31707793
71476254
83092148
81303916
07092370
12881841
46683302
50655354
57938596
33340477
03048291
32029107
22879102
35078795
78782647
40975932
43782707
16072799
06201876
97397077
31896354
40071278
60845112
33015675
99949308
01585731
12822553
88526691
65193120
99701142
20397378
26820524
89988483
49750520
94244398
12771881
39612311
68400475
96754583
00442900
38457188
74655441
01136669
97662913
30705959
18711478
07255827
57368268
62065004
10983815
12013511
25240624
42694471
96191765
94323036
88497933
97987391
75243823
81388401
16136466
78990237
84601069
95473165
33415046
75272213
45585735
22815383
27890523
37544647
55536364
53884030
64212171
64262901
45338403
89048269
85316156
35059425
59872246
10338680
89498188
60725653
48197814
82756383
04609923
21194174
54641917
98356319
39555145
18700176
79248518
59919572
58767828
64635268
27900794
54971411
49803976
11871658
72041645
83187850
80241320
10872352
88675924
48382896
63259648
03414625
45835231
54968322
18864871
61232535
61023130
79223546
98154102
32205545
41991833
80407803
03100194
52157447
91484620
11691752
18650772
80556900
83983486
81388119
51907164
07240732
06156967
34839124
80631292
83165361
58218927
26544292
08952711
13490940
77265015
30304917
02137645
67763933
73524012
39722651
00601343
41346706
83157161
29048578
97362212
44591092
44526428
12782313
45352443
26792179
54455885
76476254
83273962
51324280
76703099
19619434
92979309
23410517
45453152
21570422
74696906
57299672
72272747
09453645
34818541
46187716
04802390
37759690
18493007
95807814
86977068
30595426
07135652
63797680
93270202
52211618
18482071
92731511
69866882
34727089
58900076
20847048
96126994
53975646
98266320
02622924
38294827
15771144
98970512
46842362
12880716
49473441
53155980
03515776
23491982
94810818
77676070
58266958
90717491
15680478
55370792
04321810
52841645
43675064
13916694
88869830
53625322
88154115
04105770
90373898
17603771
53802304
19718571
90890791
14006463
55847711
20870771
29338742
84658204
72261426
19355591
23160639
83912344
11841888
79215194
02144116
24439342
92202042
99311346
63018871
64169857
93966034
57326058
64761354
59231147
26590804
30461843
05079796
81217276
18185421
67560350
06341111
21072149
98371121
40539718
43566496
41863884
20740964
59754249
07813489
70224893
53218625
92775759
20751997
79800923
67193964
68786443
85629248
17678489
92870291
12848106
75721221
45624214
07148190
18284667
97820705
79803360
77189397
46370094
21652651
64932690
94004378
48886137
51635720
85344196
49413350
69388457
18665378
29159966
03236689
80007576
88860881
85426602
60737938
36707593
76385400
95227055
79238376
34419550
22771398
04939929
19786790
50027146
46482847
77028169
57807789
16258032
95189643
01834624
50732622
69133093
40058418
70276049
24992441
53964816
47291580
84638575
12937479
09628520
84933654
82546819
66312913
59230996
81513245
75293334
01612694
86660686
21905740
58790312
00756536
83955485
88152213
03469240
56591874
01272081
11475967
10286952
11072077
03418086
07746395
92666991
27703905
51880163
45662666
79149655
49153504
87734141
22110194
81252129
53081894
32440212
57748484
02446210
68090765
43401545
02227744
05282440
43815414
41645235
80286763
32498701
33507226
72584872
87939732
04101095
42284241
17230474
07722424
73167362
51000624
52804791
81763749
22857751
90572589
24552296
65942315
46816261
76730002
44126647
84532081
01540239
59089905
09110068
05468030
85735051
30381869
95405316
02735762
70859934
36380151
39971864
87395487
73425495
72052315
03599679
14290483
28537290
46038054
43325839
19530567
42464202
31034272
87465122
15840734
26487572
12233545
72095500
51761756
37206306
12236851
47475504
83429378
70597564
42111944
80393024
93124996
09971591
99487931
42457477
43846835
86675502
20853435
73498492
17674197
88527509
16463497
79375809
30370845
56092534
62680707
64967293
14889891
40794029
13687542
92687657
63945498
73664125
89524542
40673110
72856807
27390000
05413622
65763480
78929781
01913036
51656540
88387733
96276070
21187364
13678607
33553745
60239233
67781735
96292225
83791212
74916328
29447819
98969101
22802275
30680874
88087452
18960893
75073437
47742126
39384361
11436576
18310168
89187542
83430427
30889649
30850354
20719167
05624218
53872923
07888926
18474898
37235845
47537444
85581844
03873612
80425275
76246258
99183712
39406363
24206207
63335516
49311986
69471588
51139242
05523908
04484440
45008238
16239346
33157376
56509200
18859973
29552174
42833690
75482104
60682311
58561388
05602887
95315088
63704067
23562309
09584938
97583745
82125773
87716619
44045059
09210436
67406329
92897739
51264005
26158853
07965006
74710468
68728706
85859915
60803049
73891513
78648305
58004580
17328313
42729456
34355119
99506257
31755741
13187935
25401427
20544414
10029067
13270580
99663247
23033694
64197181
14445479
96535541
96783217
65212382
50627162
67364486
32161402
84860288
79981667
97964629
26819881
31289153
38512299
46922224
29846704
08775090
18637438
30269638
93820608
69613306
84019587
31466225
07481671
90718864
08896826
01541596
59986746
42871174
63158296
07237146
35436807
58259919
58188611
27153925
54764236
74204014
51716764
28259452
66213931
35109426
79222440
29228818
79157239
47178141
00802876
97287402
71303357
20845159
80900748
93391965
77937148
59894825
57240191
50150378
13341093
65333068
48481910
91884992
33714045
09016465
07560275
26500115
43735454
35937967
96476526
89630943
90877867
69652744
56539254
10304881
77128409
81904621
83363364
75248601
91045858
17595331
80718683
94882077
87386590
87007374
41210264
47459344
37374567
88950701
42493771
07410194
43091839
31196267
72406308
05057516
13398247
97876034
65763007
65368815
36358154
08356742
19529134
92998563
33328801
72063786
05331440
89398048
70512007
39608206
69834217
21142076
50225730
08883215
51570748
45109510
74407134
78963030
44027168
40140887
79061290
89927452
83727055
29901954
65365125
35558121
18857336
81445550
96118727
27813341
95158820
98573519
67337147
76983171
35871112
76963223
41195509
34502888
76446678
54735295
09533727
79566761
21950623
46031145
21853660
06907835
77468761
34020363
02404111
98853595
89764966
37863563
57695942
34559795
63241332
85582664
85640095
52792446
34228795
34708543
60144733
89182670
98691796
82889547
93866842
89772397
80729402
84731696
40675766
38248728
07494697
43738321
12829160
87523059
02839949
65587324
61197197
68162181
70795510
62845366
45265930
08780669
74023557
31988583
39351829
81923552
24593473
88494692
80732863
21661145
57672948
68934678
30130028
43756052
50026971
72728949
13127830
80133912
52009573
79588761
01130600
35050211
62237486
47648343
44721420
43511612
91453194
69945647
74869262
17824838
60877796
93295563
58441606
91507995
80921549
76766867
42950644
91044775
15853095
70125242
71695203
69359231
58618847
76095267
47960608
08661688
08050496
27919211
69668427
33745254
53624786
80378945
47870530
03824051
68439829
06819819
89673606
17063704
61550507
98319590
43018592
56287285
06241451
13219862
08078889
50169947
94230419
29729465
84236480
32245940
24589094
69365629
75363687
28428211
58596693
66266461
28912576
77414290
06150217
38501730
38501160
69947878
48967141
93730251
09144906
01772302
14730860
13974857
52453449
77093387
49355217
05987083
49893284
25522686
56912926
45432786
38713324
32643909
84801488
07751632
31259928
51331664
55832756
36960722
81664774
07032718
09532899
73072435
32030464
17058362
82600652
18652314
17179556
89369497
59105289
08371172
89493734
72891762
57387937
24209780
88426795
44686477
30546701
01712669
57101913
85684839
65587567
61031421
22262144
55656984
16422586
72481245
32384191
79744425
88003979
35737401
89320686
73405539
89149468
80400313
93237180
97201115
33730153
02391726
51057740
29248220
84472137
64276814
58166975
52525824
43191921
65967189
20659472
38824157
33382049
48130305
93736944
22194130
07406797
83056086
00229690
40682394
98044630
14905490
59879133
50143227
78559013
31161870
93188643
16525454
59427976
89853126
16182862
84560929
30567025
40069721
19042695
00574811
52621687
54999016
27530533
88347067
87329596
95866389
79252375
45787380
90117868
02797589
28871349
67074103
75385771
56538850
51296093
92298033
39051331
85612458
72233192
87768595
81909418
94021307
35358023
07567744
75959645
93453950
87791639
92617793
26961055
29197994
38002590
41801178
93977935
32167327
13540749
70814453
21657821
01173778
62733295
05452608
31943677
81568351
82788910
17334233
30003443
95543100
88944413
89537640
07645440
93015750
15708878
15024990
42756560
97060303
49468412
88865110
37344259
33522933
22507475
17548473
45809602
28948492
16527119
68217129
11455328
01223508
41449233
87979170
59488535
10254133
61746438
91263274
40746827
34618425
16162077
33811202
64842370
20909996
35243523
68749543
84976603
97870149
86443109
91420975
04888893
83640514
97321476
40627556
69204059
52814782
33711340
17488796
75881041
33602518
62333140
68140072
39449191
56778472
64681184
97438449
63969719
35288739
73526020
79741027
02973490
61793858
75198574
25011089
59226255
58879151
95710845
10283529
37140687
79891702
80886872
08822245
70423307
72572619
41837528
03248304
99983988
03413293
47493030
85426025
98631485
65968272
29922160
24858310
53622828
80731357
22142310
53247342
87441884
93106116
70871299
08543923
49342522
86521327
11493626
07606761
37610236
15539700
76138900
89384357
58230063
34552436
20935468
89491050
20073134
75830779
44636864
81224522
45607666
58275032
98032384
03515541
08682298
10676524
36628333
72910185
68232289
36922065
45002828
64571391
49850159
00715942
09029813
84099427
69330935
36883464
97493003
39864804
26892566
39497675
14116501
68652942
00312077
71569082
56937525
74523837
44999322
13595255
15548681
20806472
05625759
04303215
53576689
54675266
94158952
23858760
56933107
99666034
76732229
31034509
89906390
47697395
78494099
44644366
10495522
74179728
61945608
51953156
76326383
96753584
21324897
21709949
22981181
26395052
92440856
56959293
04362959
43968328
36578179
47117711
23756393
04778139
20177292
93036316
43297781
78157806
95485665
57436328
40682520
99125564
15092546
85324240
46046687
31349342
06706835
07530021
93471447
02235386
38342496
39249855
96491664
17474222
10601881
64312600
68839320
13777851
76844382
32703044
98951319
83121653
64443004
25680117
13023623
13231237
54736394
33034910
36500493
60873819
05112804
65893813
08493793
18767031
02971354
61624751
19786903
95721439
08619665
25797102
45383330
96215109
90560760
91309974
63569398
28883953
31580552
55056634
40734088
90432344
03768754
27058807
01041304
60389614
49529626
48151948
45376379
84602252
58142085
25207206
66844354
65546270
02825838
00631001
86178592
41672267
14982447
33257268
20433764
19283508
74180692
96645985
56553912
41999317
26813931
70621621
91506547
79312396
23818939
25649697
39198887
47332383
57588007
71644784
72559042
21465575
08919292
48036380
54957826
28634316
43856662
35019136
39059073
34645339
44155659
91943623
55668414
83960111
46568339
13036868
90762440
58707935
23190785
34852270
29790398
98318057
33551900
26096155
75856276
73980138
71200633
00301916
56536960
63894698
52358657
71873196
71290746
29114938
38429404
14526223
67037588
84265932
17169383
98145065
29443685
60015632
21132298
71482300
08684359
02540386
64962891
66846313
17868697
62486070
13870832
38173887
76621274
49122273
18531422
52935924
37301220
26765980
05747806
34097799
36916603
13839512
11639139
23008401
23858110
78162148
59216544
17533919
47986468
29039733
63438095
07218851
30356814
02531312
58733789
98118611
65435021
46353055
38259205
54079853
12216182
79240910
74681625
72388163
88646170
24107970
57668760
31631547
14160336
88888153
30124091
31460475
40364063
10488976
82147147
59408206
87305840
65927803
52177210
52845508
51241832
37337972
88196988
64809554
17927347
23461707
11679206
36451512
10065034
35562222
33140085
83834601
12064050
19299941
52106345
85789609
18845683
42352274
63611324
35398496
54241463
15442340
91099735
42836815
58032968
94013879
63947547
97053210
46797322
10062854
15120016
17832005
11718203
05527259
80847679
98624942
99457241
87191567
44636153
10747901
33323877
70826247
11445919
34943443
27380644
37503267
46162349
83891371
65776508
96563629
74751023
96171954
91367641
91679131
17104096
28415111
86849427
41871354
25502067
48244639
09983005
06887451
00296752
04085231
31558923
66339436
04965647
11540590
27164123
19483207
77355235
77765526
01213450
85132007
95559212
20070911
47252440
39777562
91159620
33913366
81344245
83565846
05198834
30085619
56313121
67164181
54776635
75279271
33800882
29533248
09310409
75180015
26843422
97009256
70986940
43392345
39198058
01454984
50969017
39228912
34395651
65114552
39541130
13386626
41568585
87438455
72408928
16506556
34679415
57304608
16114263
62522288
11404493
87994890
71854976
04564080
33221104
97305766
71869782
02775934
06533630
21974133
23861260
35313481
05959546
31831919
32811385
96943057
68531317
71916068
27159189
31849722
87744408
84879461
39737236
21008632
50700061
98258707
87126157
28350899
20318018
84602198
57797771
70588108
29044047
48463160
47677087
35927262
35251940
17880428
68628710
75474821
22247362
58264241
03315428
31392470
55462301
31938335
16940882
38809602
22722301
05613903
40332821
07761815
36600983
32712590
15694656
57109743
09452012
70556481
89559573
76576664
06501212
87417310
41495197
03363137
37848354
67465441
99163299
45399114
76609215
36066445
06435180
50702079
66839479
24634705
96246112
26102725
69000674
11499925
80145410
77363980
46400409
87457394
98514425
94478640
58245847
81046972
84322196
03701318
75868066
91673638
50461224
54566767
73005878
20436869
82642851
55672518
81328043
72806086
37286168
99415268
12825104
12719863
37731916
69026390
13306993
02789991
92089642
68632449
26547520
25953377
16120080
15925180
18304615
86143084
09342721
05138415
40899990
62214953
73492320
85515572
13769727
40870424
81515710
75150027
96002011
90648462
77368455
82392728
84464153
87427924
06666696
86719690
47453566
55101708
98438102
80591908
68749899
78296619
16323857
86643324
42232740
24144950
86489710
88873648
06430338
89165475
83219948
11819697
28405418
06610672
91197665
66910287
81511969
22429462
01292629
38927850
05236431
79683477
76965489
54645536
59970197
03696668
56944507
50886515
91866106
47481464
94765329
43004526
74372092
22861016
37786475
07480003
60785977
11337112
10469670
86841519
83199771
30357875
70270657
66402159
68628084
69315093
39870991
95870747
95498973
70408610
82024165
19931006
54210164
63531886
98133111
30053761
16028834
71126805
15072431
68023687
41129852
38561182
85577376
70127595
57347836
09343310
30326714
28081537
81897406
47191446
19728546
78612563
35392517
12022092
67277648
02488910
57575030
18282250
59135395
75229296
63848406
04406265
86668433
73141954
65661175
95598381
11198721
01233172
93817953
82946885
64325346
57802911
82995551
21451190
89459642
86716646
94277574
29948520
61101866
68771269
10687645
51042303
80059257
74616648
11930189
43965720
13181679
08762383
22362130
98459299
54484339
95839766
27624901
14716985
46788015
44972001
95422623
93916491
58152855
66953910
08157040
27463968
02838465
39751984
25586208
64380188
38073269
79758828
22654112
22535010
65397403
49185279
96892473
10681670
06315160
79062292
61061889
84830762
01741337
50824513
33052861
48467316
68877375
82822367
77834160
52397964
65258643
37551524
22152841
13030775
33429052
63595081
40938491
78276335
80183159
54417752
26720548
60916960
72348949
61953334
46167449
34206743
76487049
21881122
64947566
00697254
82473020
67107337
95945780
32663680
57917038
45267935
35694870
42313982
39290577
33261673
59121354
80016483
50850298
09172985
02106422
22957458
41056564
65995338
85901742
22089669
59872564
11424495
87604772
46648748
36623834
89538973
65449864
88651644
15835411
66167228
09854931
23693978
24429683
37092132
19235944
02993254
45197491
01669370
86869618
43037889
35317463
73146163
02311378
92897698
06901574
65537372
85414652
73365391
45570997
13102946
44688301
15213496
04262399
79761117
00597741
96801545
38525916
43822232
28592313
19196565
61378505
97494144
29714502
18952925
17608727
76450095
82868580
10293110
08274379
09652889
06522008
59783129
87787937
62827073
25358892
25325644
39126136
88455907
39532499
14188334
56209981
19019937
90109188
35416398
31831048
06690154
68520331
80286793
22734838
07140110
35827833
03194555
33372798
88972487
19627152
43664003
38207143
69327300
18076377
92152614
87512996
38424477
40974716
34275480
65057280
37531647
69833739
71272631
77753539
20743672
65788930
85929009
16555757
63121470
13553720
80100322
46153968
42056895
74700185
20244848
70332684
55566355
73173417
38561819
67516329
94413655
59881973
81667552
91945648
75504005
66201269
40397745
56292073
75301487
22475193
88050630
46411728
49879980
25384400
56529389
82739969
52518352
81308587
13549456
96297683
11735384
26513622
60437235
60756670
10367363
50370976
77604696
58161568
82142358
76181108
09238429
16369721
88311257
80747693
33330701
62782913
27835211
95273074
17799751
91943680
05837347
46779583
70892399
53622996
56214745
85053739
16677283
79996321
74654252
21605736
21585292
80330449
39852217
51873136
37811052
81994672
40592718
39263001
97442146
11763401
39442665
69387630
13089209
24741308
33470405
26078433
87528085
28849587
91490579
08622155
11079417
65564790
89565672
60237251
77819848
07668784
59620331
02702738
74149771
01604981
24730420
33846937
69213492
78855409
69659497
37963805
76296922
66230375
08721636
54395139
25287252
58966121
17894096
69459415
87424113
04545421
60654071
44215289
03145502
28658219
99783739
54259283
82954578
09355161
61107304
16475581
10896440
73049720
15133333
46615510
08161105
90677532
67717640
47619752
30405040
44858350
66775027
77997963
99411206
31454882
44157434
82704980
23135842
63736574
81101743
45236796
18660342
39430915
55985787
00363267
65388907
69131671
89221965
85646369
46602906
06410425
34032557
83917521
92765227
91074764
99030131
00186026
46939312
57382671
40880192
57403567
27701618
27586348
85249724
76821740
88512171
53204222
99538534
23036107
68490265
30665074
89843678
44823447
95588174
01988200
60475298
47001775
83841647
52499797
94474651
76011432
36925242
72251085
63556376
05307812
45797377
94393823
37581146
92930692
39472822
63906833
76012167
02437302
37177980
11626147
77089334
80713082
74459198
42888892
10710097
81762592
79163885
16039809
10062067
50254415
55775418
31920237
76789185
48370584
85193671
14519239
24592347
61402230
65211548
75285182
04419373
35564055
69896002
01359834
31485619
73028931
78140095
03594819
34484965
20345723
12558581
80828358
88909695
37153589
19655337
21094338
88982031
81622248
86428374
50039370
88228663
73524604
61455132
79955807
05031056
43140173
49044459
99839659
89308562
42779375
08991130
91057484
11627655
12547033
28440155
48120681
28004862
63585936
69840934
83635927
62841527
33698176
13392696
07748866
41917371
20782968
86733414
58807646
26176094
41558449
33514008
97793024
62137048
15109374
94156882
18460447
50249985
49623096
82431670
81679123
85698656
92944387
98796358
46691922
97957657
86688620
29334772
85879815
42440953
96624000
29201473
41624955
21359564
20458102
21750994
07583569
68950523
12959027
06184511
56237905
22569437
77099004
12706907
12882445
86508708
56183205
34019219
12199349
01452507
66878710
68424003
90398202
99152967
05215879
38258107
73712316
81414105
38599181
85912815
19586184
31541768
63865453
46256248
57253010
71792272
26842184
52135395
60993534
04536021
50768212
89398849
35936942
29109032
84927149
94711795
43237593
04671906
65707595
52033035
24045117
43973118
46274452
67947030
27596612
93486462
09946974
35568878
76773788
25081533
78349039
44049821
68310228
47982739
95967388
95075154
50611369
98318062
99674246
00575544
65936477
09264622
14934755
01739122
65583076
30646439
50052966
45507904
69460162
81136741
28401017
89241441
11890941
00213734
39560152
65160584
85001434
24005545
34900542
81573802
13340488
39944491
06327356
42554950
72465957
23898161
61122454
87087446
22960989
55162554
84587352
33305626
37569948
75073115
54833041
93643219
76945356
59580538
08835477
33859247
74702286
61688935
64097679
33219635
75648644
51598151
76192650
26570559
15614206
92504210
31898085
16234604
65339596
49804901
89908305
20828846
63052293
92706576
82799684
78332017
41632996
24630315
66773333
52875696
11114953
99404732
42513170
33097739
40938353
79006783
52326579
27971682
35594230
29538343
16098882
22345590
82404432
59469236
21061253
48041838
96291995
96588081
80700281
00768857
64890124
94259383
64744675
07062892
61424093
47771566
30165947
85300752
79185099
17302136
44739578
18723104
03048816
14406539
41016942
77850713
85349865
31260975
71741776
60872846
98511776
49611969
26469650
70339858
55158694
04737516
10603115
63910213
33300103
00021870
45573153
76689342
29422328
38566192
84738369
98803273
09680536
88450255
97870873
41393172
59968929
18686808
96109513
54554438
43232172
73694729
50766130
48724088
79290835
32028418
65706448
88275629
17062412
07350623
57072226
41675059
38061732
09272821
58513406
35521371
55813758
92746362
36377251
34873098
43579819
82304668
18853163
10311721
87757542
49261591
27055238
66564324
93545863
47156431
83242836
96708124
42011529
53125839
02656199
75589017
43320960
96254502
14454441
92008198
39682079
87612653
66833932
88519299
19321542
44935921
16815400
35007759
50761331
64530587
41564251
26686566
55388019
40675022
95839445
95182376
09220442
30120123
43443777
09465269
29132421
58583828
52447225
99816185
85464792
01794205
53482372
15667293
34238338
25727421
30145780
40802678
03403531
41376383
26071414
36726393
74421798
46019534
98512438
36657000
26403722
39096594
81704539
79725838
54583857
49210823
07511476
22202271
63607526
81864362
03433768
51022256
60227538
37754942
01579223
21144856
46178307
10933252
49080658
86989522
64390478
42895212
13474044
36070840
25042336
49912481
40830626
95971678
63158902
36801304
21091405
14009257
91407314
15592073
63927591
81963251
34479141
54517377
18350991
59672065
12895616
19012868
93508604
52676635
96566783
32354035
34113065
61724700
28815718
42762961
06768041
84672527
17943245
40296181
68165090
42178340
58168978
60857645
47638898
36675762
16591588
52812760
24316305
70472000
63818072
62918620
89800611
89667677
00749885
36058092
64187786
06348440
15309691
27357039
29581543
64836176
78623896
46265956
56066957
09622412
01753906
10618555
28386158
13590372
28242956
88925339
92051154
78981390
13712686
95914763
31846537
82189004
01463345
56259739
94910503
21039475
48229495
05287924
65459354
98544545
61892525
11485277
85160984
10334938
51942330
40557115
72572028
17129184
07801424
58989252
97399679
00843474
95654297
81448410
99395123
91015533
64601482
53031018
18280718
66182542
83214222
46317061
74036303
44165914
45395345
57957185
76574969
32235210
09319204
37671247
93593502
09777034
95315709
42995988
11870733
29607656
60282639
46333114
85263730
26876320
30247141
24638749
30915845
85480388
09193565
76645750
96817167
12523451
79989671
01307453
56204798
16041644
23504882
19331858
84132679
78880458
37831605
60677722
90191103
88729106
74394362
57480846
45971214
61177237
81145996
77126634
71062856
13687943
58183328
33670424
24740952
74313041
96964873
29955373
53930957
54738553
80361729
33349823
85295881
12946304
43576310
30356665
56214951
92705603
14031042
22623952
84036016
90344597
72852665
97619933
33502943
16026140
97096163
65233626
23007129
46242577
58024920
70266192
32373226
16236734
72075779
91046092
63989973
96375440
28967685
29389972
95074859
63892361
86862301
34871716
43676609
20342078
11518493
40251179
64794524
55419694
58945606
32477748
77891947
14041702
85062542
72044150
10930404
66815234
03743767
79481469
01959020
04145908
27025804
22737942
49318690
80106984
13788044
47072909
16439357
63597371
49253047
57244311
15527672
67798773
57938978
40051340
96747337
66079734
88198129
15269640
06354433
15292626
80496792
78541526
96910634
47956663
93036647
38784418
98023002
00533468
93540088
14953199
77034935
10263740
71048518
70285191
30241517
46316901
91187327
89553899
86988212
69216995
96312035
49765496
34358778
70145027
73736694
15590202
43821529
45393850
67048325
48488292
03556254
16156971
96149760
75910281
60496074
21189945
91782944
67998488
36972896
91938072
77909890
91787420
15596688
84761899
51296245
90907931
43267766
55954495
51963586
04983973
22730752
46241625
84052252
15835135
70345110
96321427
87426197
75357492
26756997
38005382
63761433
43979623
73115791
54001883
92570575
30488954
92129397
46947925
57741776
93077730
21331662
04750063
19198043
35643594
54888770
69401457
76662472
58095253
03880969
01806785
58596717
05953956
81726532
39677048
56935374
34164301
20963679
93583494
76365301
61472538
07540516
71301696
23775951
27068153
05353719
95480082
09661346
97223515
30794392
70729036
55366327
54485207
02651710
05705667
69294888
37594005
04372856
74146663
74030250
06982857
18449421
69081234
47431547
17472652
18870155
14295804
26530399
71185856
17026528
12680771
19734204
54071978
76897381
21830389
73127492
18452534
41859480
57392792
61662485
42893886
48729213
33788537
39534281
04167705
53179957
81833048
88006984
38363839
27835246
73733023
69001996
05339451
86753894
33263275
20858053
60678031
96735972
45752502
59260696
96692319
17117877
50727770
05335895
79936112
77361099
71671537
44785267
34628996
15371357
62295659
25406402
87960331
41943006
20397302
41579639
54507363
76208175
71554329
95381957
77995603
07173505
96551760
06605100
39912129
35551512
62576203
63022996
19899939
98926869
45546317
82503668
97587877
05863280
44712956
07163677
76703965
43520150
04723733
44425182
35555672
65673665
13159692
30725242
69768730
54026537
60981012
64648895
61447065
17275101
05623931
49574960
89761743
63223219
10710268
66482033
72114315
89769183
02287994
41510951
68479620
03590140
59194869
63691977
22512620
65073326
81970477
77889906
76438109
76187395
74723865
37819953
13731639
31675951
58903774
75111360
